100,7515812.853,4681600.102,646.917,,0.028,0.042,10:21:03,2001-06-20,1.190,0.000
101,7515791.190,4681635.449,646.129,,0.020,0.030,10:22:01,2001-06-20,1.701,0.000
102,7515847.504,4681669.488,648.439,,0.026,0.044,10:41:44,2001-06-20,1.167,0.000
103,7515847.519,4681669.486,648.457,,0.022,0.038,10:41:50,2001-06-20,1.167,0.000
104,7515868.653,4681674.498,648.571,,0.015,0.031,10:42:22,2001-06-20,1.360,0.000
105,7515847.710,4681669.755,648.446,puset,0.024,0.037,11:07:17,2001-06-20,1.682,0.000
106,7515868.958,4681674.599,648.533,puset,0.030,0.044,11:07:47,2001-06-20,1.681,0.000
107,7515892.421,4681680.719,648.802,puset,0.033,0.048,11:08:16,2001-06-20,1.681,0.000
108,7515892.357,4681680.844,647.032,puset,0.038,0.088,11:09:02,2001-06-20,2.139,0.000
109,7515899.233,4681664.197,648.434,teren,0.021,0.034,11:11:36,2001-06-20,1.832,0.000
110,7515897.188,4681651.021,648.212,teren,0.031,0.070,11:11:55,2001-06-20,2.049,0.000
111,7515894.811,4681633.726,647.919,teren,0.032,0.081,11:12:32,2001-06-20,2.031,0.000
112,7515890.354,4681630.157,646.867,teren,0.022,0.051,11:13:16,2001-06-20,2.011,0.000
113,7515889.613,4681633.644,647.397,teren,0.022,0.050,11:13:31,2001-06-20,2.005,0.000
114,7515885.222,4681634.999,647.129,muri,0.043,0.091,11:14:19,2001-06-20,1.984,0.000
115,7515885.188,4681621.680,646.875,muri,0.029,0.068,11:14:33,2001-06-20,1.978,0.000
116,7515886.473,4681635.733,648.022,teren,0.042,0.094,11:14:53,2001-06-20,1.970,0.000
117,7515874.554,4681634.545,647.629,teren,0.038,0.102,11:15:06,2001-06-20,2.478,0.000
118,7515863.418,4681632.328,647.926,teren,0.041,0.110,11:16:33,2001-06-20,2.416,0.000
119,7515863.351,4681631.004,647.860,muri,0.046,0.120,11:16:38,2001-06-20,2.413,0.000
120,7515863.203,4681630.826,648.412,muri,0.051,0.136,11:16:40,2001-06-20,2.412,0.000
121,7515862.907,4681630.504,648.812,objekt,0.041,0.111,11:16:46,2001-06-20,2.408,0.000
122,7515862.992,4681630.144,648.858,objekt,0.046,0.120,11:16:51,2001-06-20,2.408,0.000
123,7515863.503,4681624.453,649.481,objekt,0.042,0.096,11:21:46,2001-06-20,1.675,0.000
124,7515863.827,4681621.167,649.397,objekt,0.032,0.075,11:21:56,2001-06-20,1.673,0.000
125,7515843.556,4681659.770,648.322,teren,0.035,0.083,11:25:49,2001-06-20,1.635,0.000
126,7515862.174,4681660.370,648.443,teren,0.024,0.050,11:26:04,2001-06-20,1.265,0.000
127,7515881.220,4681663.147,648.547,teren,0.019,0.040,11:26:21,2001-06-20,1.263,0.000
128,7515892.508,4681689.823,648.833,objekt,0.044,0.070,11:27:07,2001-06-20,2.186,0.000
129,7515892.010,4681694.269,649.779,objekt,0.023,0.048,11:27:19,2001-06-20,1.258,0.000
130,7515901.913,4681707.798,647.994,asfallt,0.029,0.060,11:27:45,2001-06-20,1.256,0.000
131,7515900.306,4681715.138,647.899,asfallt,0.021,0.043,11:27:54,2001-06-20,1.255,0.000
132,7515865.145,4681706.497,647.904,asfallt,0.022,0.045,11:28:20,2001-06-20,1.253,0.000
133,7515824.170,4681696.896,647.716,asfallt,0.017,0.036,11:29:00,2001-06-20,1.249,0.000
134,7515818.154,4681695.920,647.649,asfallt,0.018,0.038,11:29:08,2001-06-20,1.249,0.000
135,7515816.428,4681688.661,647.845,asfallt,0.016,0.034,11:29:16,2001-06-20,1.248,0.000
136,7515817.172,4681686.607,647.933,trotuar,0.036,0.094,11:29:40,2001-06-20,1.693,0.000
137,7515830.218,4681689.102,647.992,trotuar,0.035,0.097,11:29:57,2001-06-20,1.987,0.000
138,7515829.935,4681689.718,647.915,puset,0.034,0.096,11:30:13,2001-06-20,1.991,0.000
139,7515841.393,4681693.743,648.085,asfallt,0.022,0.046,11:30:30,2001-06-20,1.242,0.000
140,7515867.433,4681699.780,648.076,asfallt,0.019,0.041,11:30:51,2001-06-20,1.240,0.000
141,7515892.499,4681704.958,648.101,trotuar,0.022,0.045,11:31:22,2001-06-20,1.238,0.000
142,7515893.687,4681699.485,648.517,trotuar,0.020,0.042,11:31:29,2001-06-20,1.237,0.000
143,7515886.572,4681697.743,648.522,trotuar,0.028,0.057,11:31:37,2001-06-20,1.237,0.000
144,7515886.215,4681697.753,648.422,trotuar,0.027,0.059,11:31:41,2001-06-20,1.236,0.000
145,7515885.326,4681703.156,648.129,trotuar,0.029,0.061,11:31:51,2001-06-20,1.236,0.000
146,7515884.320,4681702.780,647.989,trotuar,0.033,0.070,11:31:57,2001-06-20,1.235,0.000
147,7515872.745,4681700.027,648.087,trotuar,0.029,0.062,11:32:09,2001-06-20,1.234,0.000
148,7515873.603,4681694.165,648.438,trotuar,0.028,0.061,11:32:20,2001-06-20,1.233,0.000
149,7515861.321,4681697.061,648.088,trotuar,0.038,0.080,11:32:33,2001-06-20,1.233,0.000
150,7515860.892,4681690.335,648.485,trotuar,0.026,0.055,11:32:44,2001-06-20,1.232,0.000
151,7515857.729,4681694.833,648.184,trotuar,0.021,0.046,11:32:51,2001-06-20,1.231,0.000
152,7515812.438,4681684.898,648.114,asfallt,0.030,0.084,11:33:25,2001-06-20,1.766,0.000
153,7515809.148,4681678.258,648.265,asfallt,0.025,0.069,11:33:34,2001-06-20,1.769,0.000
154,7515806.476,4681665.974,648.208,asfallt,0.028,0.076,11:33:44,2001-06-20,1.772,0.000
155,7515802.860,4681649.821,647.779,asfallt,0.033,0.090,11:33:57,2001-06-20,1.777,0.000
156,7515796.488,4681635.332,646.412,asfallt,0.029,0.080,11:34:09,2001-06-20,1.781,0.000
157,7515790.786,4681626.302,645.538,asfallt,0.043,0.122,11:34:19,2001-06-20,1.785,0.000
158,7515787.355,4681629.890,645.548,asfallt,0.043,0.123,11:34:25,2001-06-20,1.787,0.000
159,7515792.151,4681637.605,646.285,asfallt,0.044,0.125,11:34:33,2001-06-20,1.790,0.000
160,7515791.564,4681638.075,646.332,asfallt,0.033,0.074,11:34:36,2001-06-20,1.224,0.000
161,7515800.245,4681636.382,646.841,puset,0.049,0.139,11:34:48,2001-06-20,1.795,0.000
162,7515799.965,4681631.209,646.738,puset,0.054,0.148,11:34:54,2001-06-20,1.798,0.000
163,7515799.539,4681623.788,646.551,puset,0.056,0.155,11:35:01,2001-06-20,1.800,0.000
164,7515821.645,4681622.261,647.299,muri,0.033,0.072,11:36:14,2001-06-20,1.597,0.000
165,7515822.242,4681632.964,648.545,teras,0.013,0.039,11:39:28,2001-06-20,2.153,0.000
